=========================================
    COMPREHENSIVE OPTIMISATION REPORT    
=========================================

Total Trials Run: 30
Best Trial: #11
Best Validation F1-Score: 0.997110

--- Optimal Parameters ---
  --max_length: 128
  --dropout: 0.3
  --lr: 9.429037320648317e-06
  --gnn_lr: 0.0019158829034448645
  --batch_size: 16
  --num_epochs: 7
  --warmup_ratio: 0.0
  --edge_embed_dim: 48
  --weight_decay: 0.001

--- Hyperparameter Importance ---
(Shows which parameters had the greatest impact on the F1-Score)
  lr: 0.849405 (84.9%)
  num_epochs: 0.070470 (7.0%)
  batch_size: 0.028666 (2.9%)
  dropout: 0.014811 (1.5%)
  edge_embed_dim: 0.014005 (1.4%)
  warmup_ratio: 0.010713 (1.1%)
  gnn_lr: 0.008709 (0.9%)
  weight_decay: 0.001796 (0.2%)
  max_length: 0.001425 (0.1%)


--- Full Trial History ---
 number  f1_score  params_batch_size  params_dropout  params_edge_embed_dim  params_gnn_lr    params_lr  params_max_length  params_num_epochs  params_warmup_ratio  params_weight_decay    state
      0  0.991763                 16             0.2                     16       0.000037 6.492509e-07                128                 10                0.100               0.1000 COMPLETE
      1  0.995050                 16             0.4                      8       0.005858 1.692040e-06                512                  5                0.001               0.1000 COMPLETE
      2  0.996494                 16             0.3                     48       0.008634 7.001542e-06                512                 10                0.150               0.1000 COMPLETE
      3  0.994434                 16             0.4                     64       0.007337 2.311738e-06                512                  3                0.150               0.0010 COMPLETE
      4  0.992178                 32             0.3                     64       0.000586 3.927875e-06                128                  3                0.001               0.1000 COMPLETE
      5  0.994639                 16             0.2                     64       0.000334 2.585749e-06                128                  5                0.000               0.1000 COMPLETE
      6  0.988653                 64             0.2                     16       0.000846 2.005306e-07                256                 10                0.150               0.0001 COMPLETE
      7  0.996080                 32             0.4                     64       0.002903 3.020989e-06                512                  8                0.001               0.1000 COMPLETE
      8  0.996284                 16             0.3                     48       0.000694 6.504129e-06                128                  6                0.000               0.0010 COMPLETE
      9  0.994842                 64             0.1                      8       0.000018 2.743633e-06                512                 10                0.150               0.0100 COMPLETE
     10  0.996078                 48             0.3                     48       0.000072 9.702700e-06                256                  8                0.200               0.0100 COMPLETE
     11  0.997110                 16             0.3                     48       0.001916 9.429037e-06                128                  7                0.000               0.0010 COMPLETE
     12  0.990531                 48             0.3                     32       0.002153 4.961815e-07                512                  8                0.000               0.0010 COMPLETE
     13  0.996700                 16             0.3                     48       0.009830 9.022810e-06                128                  7                0.100               0.0001 COMPLETE
     14  0.994434                 16             0.1                     48       0.002180 1.050363e-06                128                  7                0.100               0.0001 COMPLETE
     15  0.996287                 16             0.3                     48       0.000144 5.896867e-06                128                  6                0.100               0.0001 COMPLETE
     16  0.990720                 32             0.3                     32       0.003302 2.838748e-07                128                  7                0.200               0.0001 COMPLETE
     17  0.990119                 48             0.3                     48       0.001293 1.246269e-06                128                  5                0.100               0.0010 COMPLETE
     18  0.996491                 64             0.1                     48       0.004689 9.918393e-06                256                  9                0.000               0.0010 COMPLETE
     19  0.983002                 16             0.3                     48       0.001309 1.299082e-07                128                  4                0.100               0.0001 COMPLETE
     20  0.996491                 16             0.3                     32       0.000301 4.499194e-06                128                  7                0.000               0.0100 COMPLETE
     21  0.996287                 16             0.3                     48       0.009293 7.063827e-06                512                  9                0.150               0.0001 COMPLETE
     22  0.996078                 16             0.3                     48       0.008213 4.279824e-06                512                  9                0.150               0.0010 COMPLETE
     23  0.996082                 16             0.3                     48       0.004353 9.510075e-06                256                  6                0.200               0.1000 COMPLETE
     24  0.995464                 16             0.3                      8       0.009422 5.841340e-06                128                  8                0.000               0.0010 COMPLETE
     25  0.994022                 16             0.3                     16       0.002179 1.800569e-06                512                  7                0.150               0.1000 COMPLETE
     26  0.996290                 48             0.2                     48       0.004426 7.298017e-06                128                  9                0.100               0.0001 COMPLETE
     27  0.994849                 32             0.1                     48       0.001279 4.402692e-06                128                  6                0.150               0.0100 COMPLETE
     28  0.995876                 64             0.4                     48       0.005221 7.758297e-06                256                  4                0.000               0.0001 COMPLETE
     29  0.993402                 16             0.2                     16       0.000306 7.670623e-07                512                 10                0.100               0.1000 COMPLETE
=========================================
        FINAL UNSEEN TEST RESULTS        
=========================================
Loss:      0.0552
Accuracy:  0.9963
Precision: 0.9942
Recall:    0.9992
F1-Score:  0.9967
=========================================