=========================================
    COMPREHENSIVE OPTIMISATION REPORT    
=========================================

Total Trials Run: 30
Best Trial: #10
Best Validation F1-Score: 0.997110

--- Optimal Parameters ---
  --max_length: 128
  --dropout: 0.3
  --lr: 9.296359278621951e-06
  --gnn_lr: 0.007410774325985878
  --batch_size: 32
  --num_epochs: 6
  --warmup_ratio: 0.0
  --edge_embed_dim: 8
  --weight_decay: 0.001

--- Hyperparameter Importance ---
(Shows which parameters had the greatest impact on the F1-Score)
  lr: 0.464156 (46.4%)
  num_epochs: 0.154128 (15.4%)
  gnn_lr: 0.147915 (14.8%)
  batch_size: 0.072960 (7.3%)
  warmup_ratio: 0.054454 (5.4%)
  edge_embed_dim: 0.049167 (4.9%)
  dropout: 0.047206 (4.7%)
  weight_decay: 0.005117 (0.5%)
  max_length: 0.004898 (0.5%)


--- Full Trial History ---
 number  f1_score  params_batch_size  params_dropout  params_edge_embed_dim  params_gnn_lr    params_lr  params_max_length  params_num_epochs  params_warmup_ratio  params_weight_decay    state
      0  0.993200                 16             0.1                     64       0.002613 6.448003e-07                512                  8                0.001               0.1000 COMPLETE
      1  0.994441                 16             0.1                      8       0.000703 2.425469e-06                128                 10                0.100               0.1000 COMPLETE
      2  0.992981                 48             0.4                     64       0.001177 1.395348e-06                256                  9                0.200               0.0100 COMPLETE
      3  0.964912                 48             0.1                     32       0.000158 1.949150e-07                512                  5                0.001               0.0100 COMPLETE
      4  0.989895                 64             0.4                     32       0.000075 2.372649e-06                256                  4                0.000               0.1000 COMPLETE
      5  0.978838                 48             0.2                     48       0.000148 2.114763e-07                256                  8                0.100               0.1000 COMPLETE
      6  0.996286                 16             0.4                      8       0.005644 5.097928e-06                128                  6                0.000               0.0100 COMPLETE
      7  0.984068                 16             0.4                     64       0.002147 1.889007e-07                512                  4                0.150               0.0100 COMPLETE
      8  0.927505                 16             0.1                     32       0.000010 1.169433e-07                128                  4                0.200               0.0001 COMPLETE
      9  0.995875                 32             0.2                     32       0.000434 7.753367e-06                128                  7                0.001               0.0001 COMPLETE
     10  0.997110                 32             0.3                      8       0.007411 9.296359e-06                128                  6                0.000               0.0010 COMPLETE
     11  0.995261                 32             0.3                      8       0.008587 7.444318e-06                128                  6                0.000               0.0010 COMPLETE
     12  0.996491                 32             0.3                     16       0.008650 9.654856e-06                128                  6                0.000               0.0010 COMPLETE
     13  0.995664                 32             0.3                     16       0.009878 4.111781e-06                128                  7                0.000               0.0010 COMPLETE
     14  0.984685                 32             0.3                     16       0.002890 5.965143e-07                128                  3                0.000               0.0010 COMPLETE
     15  0.996087                 32             0.3                     16       0.000026 8.900091e-06                128                  5                0.150               0.0010 COMPLETE
     16  0.993402                 64             0.3                     48       0.004160 3.339862e-06                128                  6                0.000               0.0010 COMPLETE
     17  0.992785                 32             0.3                     16       0.001326 1.138713e-06                128                  8                0.000               0.0010 COMPLETE
     18  0.994849                 32             0.3                      8       0.000913 5.155246e-06                512                  5                0.000               0.0010 COMPLETE
     19  0.992794                 32             0.3                     16       0.006014 1.665122e-06                256                  7                0.100               0.0010 COMPLETE
     20  0.993418                 64             0.2                      8       0.000315 9.269380e-06                128                  3                0.200               0.0001 COMPLETE
     21  0.996289                 16             0.4                      8       0.005171 5.472288e-06                128                  6                0.000               0.0100 COMPLETE
     22  0.996289                 16             0.4                      8       0.004112 5.627250e-06                128                  6                0.000               0.0100 COMPLETE
     23  0.996903                 32             0.4                      8       0.001894 9.923925e-06                128                  5                0.000               0.0100 COMPLETE
     24  0.992586                 32             0.3                      8       0.001741 3.285960e-06                128                  5                0.150               0.0010 COMPLETE
     25  0.995669                 32             0.3                     48       0.009585 6.960761e-06                128                  5                0.000               0.0010 COMPLETE
     26  0.995468                 32             0.4                     16       0.002771 9.855860e-06                128                  7                0.000               0.0100 COMPLETE
     27  0.984883                 32             0.2                      8       0.000553 6.660904e-07                128                  4                0.000               0.0001 COMPLETE
     28  0.993612                 32             0.3                      8       0.003865 2.461570e-06                512                  5                0.000               0.0010 COMPLETE
     29  0.991766                 32             0.1                     64       0.001765 6.210162e-07                256                  8                0.001               0.1000 COMPLETE
=========================================
        FINAL UNSEEN TEST RESULTS        
=========================================
Loss:      0.0492
Accuracy:  0.9959
Precision: 0.9946
Recall:    0.9979
F1-Score:  0.9963
=========================================