=========================================
    COMPREHENSIVE OPTIMISATION REPORT    
=========================================

Total Trials Run: 40
Best Trial: #35
Best Validation F1-Score: 0.939432

--- Optimal Parameters ---
  --max_length: 512
  --dropout: 0.2
  --lr: 9.980563130403696e-06
  --gnn_lr: 4.11814100534638e-05
  --batch_size: 16
  --num_epochs: 8
  --warmup_ratio: 0.001
  --edge_embed_dim: 48
  --weight_decay: 0.0001

--- Hyperparameter Importance ---
(Shows which parameters had the greatest impact on the F1-Score)
  lr: 0.985978 (98.6%)
  gnn_lr: 0.003502 (0.4%)
  warmup_ratio: 0.002624 (0.3%)
  weight_decay: 0.002382 (0.2%)
  batch_size: 0.001942 (0.2%)
  num_epochs: 0.000973 (0.1%)
  max_length: 0.000904 (0.1%)
  edge_embed_dim: 0.000893 (0.1%)
  dropout: 0.000801 (0.1%)


--- Full Trial History ---
 number  f1_score  params_batch_size  params_dropout  params_edge_embed_dim  params_gnn_lr    params_lr  params_max_length  params_num_epochs  params_warmup_ratio  params_weight_decay    state
      0  0.877268                 48             0.1                     64       0.000056 2.116918e-07                512                 10                0.000               0.0001 COMPLETE
      1  0.900773                 16             0.2                     16       0.000516 4.815214e-07                256                  7                0.001               0.0001 COMPLETE
      2  0.869010                 48             0.3                     64       0.000408 1.282545e-07                512                  8                0.100               0.0001 COMPLETE
      3  0.932591                 16             0.4                     64       0.002478 3.667497e-06                256                 10                0.100               0.0001 COMPLETE
      4  0.826006                 64             0.1                     16       0.000030 1.225213e-07                256                  5                0.000               0.1000 COMPLETE
      5  0.863559                 48             0.2                     64       0.000454 1.550574e-07                128                  6                0.100               0.1000 COMPLETE
      6  0.934524                 32             0.4                     48       0.000014 7.472837e-06                128                  8                0.001               0.0001 COMPLETE
      7  0.892065                 48             0.1                     32       0.000034 7.393194e-07                256                  6                0.100               0.0001 COMPLETE
      8  0.867124                 32             0.3                     48       0.000892 3.956198e-07                128                  3                0.150               0.0100 COMPLETE
      9  0.851687                 64             0.3                     48       0.000370 1.093471e-07                128                  4                0.100               0.1000 COMPLETE
     10  0.936234                 32             0.4                      8       0.000011 8.668099e-06                128                  8                0.001               0.0010 COMPLETE
     11  0.933956                 32             0.4                      8       0.000011 9.046075e-06                128                  8                0.001               0.0010 COMPLETE
     12  0.928890                 32             0.4                      8       0.000010 2.606004e-06                128                  8                0.200               0.0010 COMPLETE
     13  0.938393                 32             0.4                     48       0.000122 9.976814e-06                128                  9                0.001               0.0010 COMPLETE
     14  0.931350                 32             0.4                      8       0.000112 2.159948e-06                128                  9                0.001               0.0010 COMPLETE
     15  0.937155                 32             0.4                     32       0.000097 4.913730e-06                128                  9                0.001               0.0010 COMPLETE
     16  0.936596                 32             0.4                     32       0.000147 4.786260e-06                512                 10                0.200               0.0010 COMPLETE
     17  0.913382                 32             0.4                     32       0.008329 1.560795e-06                128                  9                0.150               0.0100 COMPLETE
     18  0.933958                 64             0.2                     32       0.000147 4.938097e-06                128                  9                0.001               0.0010 COMPLETE
     19  0.937010                 16             0.4                     48       0.000068 5.497143e-06                512                  7                0.001               0.0010 COMPLETE
     20  0.913697                 32             0.4                     32       0.001388 9.150534e-07                128                  9                0.001               0.0010 COMPLETE
     21  0.932340                 16             0.4                     48       0.000081 5.476699e-06                512                  7                0.001               0.0010 COMPLETE
     22  0.934528                 16             0.4                     48       0.000178 2.671545e-06                512                  7                0.001               0.0010 COMPLETE
     23  0.914689                 16             0.4                     48       0.000047 1.493216e-06                512                  5                0.001               0.0010 COMPLETE
     24  0.938298                 16             0.4                     48       0.000022 6.594745e-06                512                  9                0.001               0.0100 COMPLETE
     25  0.934987                 32             0.4                     48       0.000029 9.768218e-06                512                 10                0.200               0.0100 COMPLETE
     26  0.935209                 16             0.2                     16       0.000201 3.927339e-06                128                  9                0.000               0.0100 COMPLETE
     27  0.936242                 64             0.1                     32       0.000017 6.824004e-06                128                  9                0.150               0.0100 COMPLETE
     28  0.933560                 32             0.3                     48       0.000022 3.448791e-06                256                 10                0.001               0.0100 COMPLETE
     29  0.925697                 48             0.1                     48       0.000055 1.714741e-06                512                 10                0.000               0.0100 COMPLETE
     30  0.935319                 16             0.4                     32       0.000222 6.779672e-06                512                  8                0.001               0.1000 COMPLETE
     31  0.937500                 16             0.4                     48       0.000088 5.688553e-06                512                  7                0.001               0.0010 COMPLETE
     32  0.936730                 16             0.4                     48       0.000099 6.115301e-06                512                  6                0.001               0.0010 COMPLETE
     33  0.938723                 16             0.4                     48       0.000046 9.891969e-06                512                  9                0.001               0.0010 COMPLETE
     34  0.938749                 16             0.4                     48       0.000045 9.532477e-06                512                  7                0.001               0.0010 COMPLETE
     35  0.939432                 16             0.2                     48       0.000041 9.980563e-06                512                  8                0.001               0.0001 COMPLETE
     36  0.936650                 16             0.2                     64       0.000043 9.080729e-06                512                  8                0.000               0.0001 COMPLETE
     37  0.897071                 16             0.2                     48       0.000286 3.329935e-07                512                  8                0.001               0.0001 COMPLETE
     38  0.933588                 16             0.2                     16       0.000038 3.349911e-06                256                  6                0.200               0.0001 COMPLETE
     39  0.934866                 48             0.2                     64       0.000058 8.482632e-06                512                  5                0.150               0.0001 COMPLETE
=========================================
        FINAL UNSEEN TEST RESULTS        
=========================================
Loss:      0.6443
Accuracy:  0.9262
Precision: 0.9631
Recall:    0.9003
F1-Score:  0.9307
=========================================