=========================================
    COMPREHENSIVE OPTIMISATION REPORT    
=========================================

Total Trials Run: 30
Best Trial: #28
Best Validation F1-Score: 0.997112

--- Optimal Parameters ---
  --max_length: 256
  --dropout: 0.2
  --lr: 4.73039619149006e-06
  --gnn_lr: 7.570315050614543e-05
  --batch_size: 16
  --num_epochs: 7
  --warmup_ratio: 0.0
  --edge_embed_dim: 64
  --weight_decay: 0.0001

--- Hyperparameter Importance ---
(Shows which parameters had the greatest impact on the F1-Score)
  lr: 0.697831 (69.8%)
  num_epochs: 0.225749 (22.6%)
  max_length: 0.019949 (2.0%)
  dropout: 0.018092 (1.8%)
  edge_embed_dim: 0.012828 (1.3%)
  batch_size: 0.010405 (1.0%)
  warmup_ratio: 0.007348 (0.7%)
  weight_decay: 0.004009 (0.4%)
  gnn_lr: 0.003790 (0.4%)


--- Full Trial History ---
 number  f1_score  params_batch_size  params_dropout  params_edge_embed_dim  params_gnn_lr    params_lr  params_max_length  params_num_epochs  params_warmup_ratio  params_weight_decay    state
      0  0.976985                 48             0.3                     16       0.001210 1.412321e-07                512                  4                0.100               0.1000 COMPLETE
      1  0.971250                 48             0.3                     64       0.000029 2.804842e-07                512                  6                0.200               0.1000 COMPLETE
      2  0.994022                 16             0.4                     64       0.001308 1.015431e-06                512                 10                0.000               0.0100 COMPLETE
      3  0.995257                 32             0.3                      8       0.000038 3.941773e-06                128                  9                0.100               0.0001 COMPLETE
      4  0.992987                 64             0.3                     48       0.003518 2.392130e-06                128                  7                0.200               0.0001 COMPLETE
      5  0.986556                 32             0.3                     48       0.000212 8.502284e-07                128                  4                0.001               0.0010 COMPLETE
      6  0.996286                 64             0.3                     32       0.007078 6.593679e-06                256                 10                0.001               0.0010 COMPLETE
      7  0.993612                 48             0.3                      8       0.000631 3.189685e-06                512                  9                0.150               0.1000 COMPLETE
      8  0.987629                 48             0.2                     48       0.000036 9.509317e-07                512                  5                0.150               0.0001 COMPLETE
      9  0.992171                 64             0.2                     48       0.000012 1.801663e-06                128                  7                0.200               0.0100 COMPLETE
     10  0.994846                 64             0.1                     32       0.008823 9.984669e-06                256                 10                0.001               0.0010 COMPLETE
     11  0.996491                 32             0.4                     32       0.000130 9.532298e-06                256                  8                0.100               0.0001 COMPLETE
     12  0.996493                 32             0.4                     32       0.000193 9.318422e-06                256                  8                0.100               0.0010 COMPLETE
     13  0.995878                 32             0.4                     32       0.000167 9.343787e-06                256                  8                0.100               0.0010 COMPLETE
     14  0.995054                 32             0.4                     32       0.000090 4.580594e-06                256                  8                0.100               0.0001 COMPLETE
     15  0.986335                 32             0.4                     32       0.000538 4.299105e-07                256                  6                0.100               0.0010 COMPLETE
     16  0.996496                 16             0.4                     16       0.000093 4.803955e-06                256                  8                0.000               0.0001 COMPLETE
     17  0.991347                 16             0.1                     16       0.000068 1.864835e-06                256                  3                0.000               0.0100 COMPLETE
     18  0.996281                 16             0.4                     16       0.000357 5.448124e-06                256                  9                0.000               0.0001 COMPLETE
     19  0.996074                 16             0.4                     16       0.000010 3.116791e-06                256                  7                0.000               0.0010 COMPLETE
     20  0.995671                 16             0.4                     16       0.000057 5.639670e-06                256                  8                0.000               0.0010 COMPLETE
     21  0.995464                 32             0.4                     32       0.000154 7.864940e-06                256                  8                0.100               0.0001 COMPLETE
     22  0.996289                 32             0.4                     32       0.000115 6.758730e-06                256                  9                0.100               0.0001 COMPLETE
     23  0.995875                 32             0.4                     32       0.000326 9.775739e-06                256                  7                0.100               0.0001 COMPLETE
     24  0.996496                 16             0.1                      8       0.000022 4.214973e-06                256                  8                0.150               0.0001 COMPLETE
     25  0.992993                 16             0.1                      8       0.000021 1.674485e-06                256                  6                0.150               0.0001 COMPLETE
     26  0.995671                 16             0.1                      8       0.000020 3.508363e-06                256                  9                0.150               0.1000 COMPLETE
     27  0.996286                 16             0.1                      8       0.000049 2.409435e-06                256                  8                0.150               0.0100 COMPLETE
     28  0.997112                 16             0.2                     64       0.000076 4.730396e-06                256                  7                0.000               0.0001 COMPLETE
     29  0.970545                 16             0.2                     64       0.000077 1.485269e-07                128                  5                0.000               0.0001 COMPLETE
=========================================
        FINAL UNSEEN TEST RESULTS        
=========================================
Loss:      0.0332
Accuracy:  0.9954
Precision: 0.9946
Recall:    0.9971
F1-Score:  0.9959
=========================================