=========================================
    COMPREHENSIVE OPTIMISATION REPORT    
=========================================

Total Trials Run: 30
Best Trial: #13
Best Validation F1-Score: 0.996698

--- Optimal Parameters ---
  --max_length: 512
  --dropout: 0.4
  --lr: 9.446292179207082e-06
  --gnn_lr: 0.009879169510100975
  --batch_size: 32
  --num_epochs: 5
  --warmup_ratio: 0.001
  --edge_embed_dim: 32
  --weight_decay: 0.0001

--- Hyperparameter Importance ---
(Shows which parameters had the greatest impact on the F1-Score)
  lr: 0.951840 (95.2%)
  edge_embed_dim: 0.010511 (1.1%)
  weight_decay: 0.008177 (0.8%)
  num_epochs: 0.008051 (0.8%)
  batch_size: 0.007462 (0.7%)
  gnn_lr: 0.006761 (0.7%)
  warmup_ratio: 0.005033 (0.5%)
  max_length: 0.001707 (0.2%)
  dropout: 0.000458 (0.0%)


--- Full Trial History ---
 number  f1_score  params_batch_size  params_dropout  params_edge_embed_dim  params_gnn_lr    params_lr  params_max_length  params_num_epochs  params_warmup_ratio  params_weight_decay    state
      0  0.995054                 48             0.4                     48       0.000022 4.722963e-06                512                  6                0.000               0.0001 COMPLETE
      1  0.991749                 16             0.2                     16       0.000499 3.896321e-07                512                 10                0.150               0.1000 COMPLETE
      2  0.982819                 64             0.3                     48       0.000508 1.538992e-07                128                 10                0.001               0.0001 COMPLETE
      3  0.990932                 32             0.2                     48       0.001236 8.477094e-07                256                  7                0.000               0.0100 COMPLETE
      4  0.995466                 32             0.2                      8       0.001530 5.368768e-06                512                  7                0.150               0.0100 COMPLETE
      5  0.995876                 16             0.3                     48       0.000835 7.473149e-06                512                  4                0.001               0.0001 COMPLETE
      6  0.987833                 64             0.1                      8       0.000017 6.241348e-07                256                  9                0.100               0.1000 COMPLETE
      7  0.995253                 32             0.1                     48       0.000022 2.981869e-06                256                 10                0.200               0.1000 COMPLETE
      8  0.991759                 48             0.3                     16       0.005512 5.776029e-07                512                  9                0.200               0.0100 COMPLETE
      9  0.987843                 48             0.2                     16       0.000013 6.865974e-07                256                  8                0.150               0.0100 COMPLETE
     10  0.990735                 16             0.3                     64       0.000115 2.041141e-06                128                  3                0.001               0.0010 COMPLETE
     11  0.996289                 32             0.4                      8       0.002859 9.577155e-06                512                  4                0.001               0.0001 COMPLETE
     12  0.996493                 16             0.4                     32       0.009986 9.837015e-06                512                  4                0.001               0.0001 COMPLETE
     13  0.996698                 32             0.4                     32       0.009879 9.446292e-06                512                  5                0.001               0.0001 COMPLETE
     14  0.994227                 16             0.4                     32       0.009925 2.278856e-06                512                  5                0.001               0.0001 COMPLETE
     15  0.995460                 32             0.4                     32       0.000154 3.961371e-06                512                  5                0.100               0.0010 COMPLETE
     16  0.991114                 16             0.4                     32       0.009393 1.504939e-06                128                  3                0.001               0.0001 COMPLETE
     17  0.995462                 64             0.4                     32       0.003112 9.657202e-06                512                  5                0.001               0.0001 COMPLETE
     18  0.985501                 16             0.4                     32       0.003069 1.141897e-07                512                  6                0.001               0.0001 COMPLETE
     19  0.989699                 32             0.4                     64       0.000056 1.462958e-06                128                  4                0.000               0.0010 COMPLETE
     20  0.994232                 32             0.1                     32       0.006180 5.898886e-06                512                  3                0.200               0.0001 COMPLETE
     21  0.996083                 32             0.4                      8       0.002889 9.363153e-06                512                  4                0.001               0.0001 COMPLETE
     22  0.993615                 32             0.4                      8       0.004766 3.381130e-06                512                  4                0.001               0.0001 COMPLETE
     23  0.995263                 32             0.4                     32       0.001924 6.784942e-06                512                  5                0.001               0.0001 COMPLETE
     24  0.995876                 32             0.4                      8       0.009644 9.662037e-06                512                  6                0.001               0.0001 COMPLETE
     25  0.995054                 16             0.4                     32       0.004555 5.041008e-06                512                  4                0.100               0.0001 COMPLETE
     26  0.984883                 48             0.4                     64       0.002161 3.206944e-07                512                  5                0.001               0.0001 COMPLETE
     27  0.993001                 64             0.4                      8       0.000832 7.101525e-06                512                  3                0.001               0.0010 COMPLETE
     28  0.993604                 32             0.1                     32       0.006668 2.676084e-06                256                  4                0.001               0.1000 COMPLETE
     29  0.994032                 48             0.4                     32       0.003706 4.281855e-06                128                  6                0.000               0.0001 COMPLETE
=========================================
        FINAL UNSEEN TEST RESULTS        
=========================================
Loss:      0.0417
Accuracy:  0.9973
Precision: 0.9967
Recall:    0.9983
F1-Score:  0.9975
=========================================