=========================================
    COMPREHENSIVE OPTIMISATION REPORT    
=========================================

Total Trials Run: 30
Best Trial: #23
Best Validation F1-Score: 0.996698

--- Optimal Parameters ---
  --max_length: 512
  --dropout: 0.3
  --lr: 3.424047947076494e-06
  --gnn_lr: 0.0019896687350579225
  --batch_size: 16
  --num_epochs: 8
  --warmup_ratio: 0.001
  --edge_embed_dim: 48
  --weight_decay: 0.01

--- Hyperparameter Importance ---
(Shows which parameters had the greatest impact on the F1-Score)
  num_epochs: 0.509422 (50.9%)
  lr: 0.330223 (33.0%)
  gnn_lr: 0.087314 (8.7%)
  warmup_ratio: 0.020958 (2.1%)
  edge_embed_dim: 0.017912 (1.8%)
  max_length: 0.017183 (1.7%)
  batch_size: 0.011746 (1.2%)
  dropout: 0.003965 (0.4%)
  weight_decay: 0.001277 (0.1%)


--- Full Trial History ---
 number  f1_score  params_batch_size  params_dropout  params_edge_embed_dim  params_gnn_lr    params_lr  params_max_length  params_num_epochs  params_warmup_ratio  params_weight_decay    state
      0  0.987807                 64             0.3                     32       0.001794 6.361576e-07                128                  6                0.200               0.1000 COMPLETE
      1  0.983030                 32             0.3                     32       0.004297 1.308526e-07                128                  3                0.150               0.0001 COMPLETE
      2  0.991957                 64             0.1                     32       0.000169 9.842930e-07                512                  9                0.000               0.0010 COMPLETE
      3  0.990523                 32             0.2                     16       0.000047 7.447621e-07                128                  8                0.000               0.0100 COMPLETE
      4  0.987415                 64             0.2                     32       0.000859 4.604845e-07                512                  6                0.100               0.0010 COMPLETE
      5  0.957107                 48             0.2                     16       0.000117 3.062305e-07                256                  3                0.001               0.1000 COMPLETE
      6  0.987216                 16             0.2                     16       0.000034 3.393364e-07                256                  8                0.000               0.1000 COMPLETE
      7  0.934977                 16             0.4                     32       0.000029 1.561185e-07                256                  3                0.150               0.0100 COMPLETE
      8  0.991967                 32             0.3                      8       0.000181 8.326648e-07                256                  9                0.000               0.0100 COMPLETE
      9  0.996289                 16             0.3                     48       0.002665 5.379740e-06                512                  8                0.001               0.0100 COMPLETE
     10  0.996082                 16             0.4                     48       0.007765 7.009151e-06                512                 10                0.001               0.0001 COMPLETE
     11  0.996496                 16             0.4                     48       0.006744 7.911298e-06                512                 10                0.001               0.0001 COMPLETE
     12  0.996494                 16             0.4                     48       0.000981 7.729071e-06                512                 10                0.001               0.0001 COMPLETE
     13  0.996080                 16             0.4                     48       0.000479 2.858131e-06                512                 10                0.001               0.0001 COMPLETE
     14  0.993607                 48             0.4                     64       0.000950 2.904311e-06                512                  5                0.001               0.0001 COMPLETE
     15  0.996289                 16             0.4                     48       0.009583 9.627912e-06                512                 10                0.200               0.0001 COMPLETE
     16  0.994846                 16             0.1                     48       0.000010 2.165356e-06                512                  9                0.100               0.0001 COMPLETE
     17  0.995257                 16             0.4                      8       0.001341 1.772787e-06                512                  7                0.001               0.0001 COMPLETE
     18  0.995259                 48             0.4                     64       0.004125 5.237911e-06                512                  7                0.001               0.0001 COMPLETE
     19  0.995673                 16             0.4                     48       0.000541 4.190708e-06                128                  5                0.001               0.0010 COMPLETE
     20  0.996082                 16             0.1                     48       0.002690 9.967475e-06                512                 10                0.150               0.0001 COMPLETE
     21  0.995876                 16             0.3                     48       0.002828 4.773061e-06                512                  8                0.001               0.0100 COMPLETE
     22  0.996083                 16             0.3                     48       0.005590 6.998204e-06                512                  9                0.001               0.0100 COMPLETE
     23  0.996698                 16             0.3                     48       0.001990 3.424048e-06                512                  8                0.001               0.0100 COMPLETE
     24  0.993615                 16             0.4                     48       0.001440 1.402186e-06                512                  9                0.200               0.0001 COMPLETE
     25  0.995873                 16             0.4                     64       0.000378 3.115943e-06                512                 10                0.100               0.0100 COMPLETE
     26  0.996496                 32             0.3                      8       0.000892 7.186400e-06                512                  7                0.001               0.0010 COMPLETE
     27  0.994644                 32             0.3                      8       0.005572 3.827358e-06                512                  7                0.001               0.0010 COMPLETE
     28  0.992984                 32             0.3                      8       0.002048 1.386037e-06                256                  5                0.001               0.0010 COMPLETE
     29  0.995876                 64             0.3                      8       0.000606 6.320583e-06                128                  6                0.200               0.1000 COMPLETE
=========================================
        FINAL UNSEEN TEST RESULTS        
=========================================
Loss:      0.0668
Accuracy:  0.9957
Precision: 0.9946
Recall:    0.9975
F1-Score:  0.9961
=========================================