=========================================
    COMPREHENSIVE OPTIMISATION REPORT    
=========================================

Total Trials Run: 30
Best Trial: #6
Best Validation F1-Score: 0.996905

--- Optimal Parameters ---
  --max_length: 128
  --dropout: 0.3
  --lr: 4.158864400382868e-06
  --gnn_lr: 5.41413783337976e-05
  --batch_size: 16
  --num_epochs: 10
  --warmup_ratio: 0.1
  --edge_embed_dim: 48
  --weight_decay: 0.001

--- Hyperparameter Importance ---
(Shows which parameters had the greatest impact on the F1-Score)
  lr: 0.723993 (72.4%)
  num_epochs: 0.204452 (20.4%)
  dropout: 0.043103 (4.3%)
  warmup_ratio: 0.016002 (1.6%)
  batch_size: 0.008756 (0.9%)
  edge_embed_dim: 0.001485 (0.1%)
  max_length: 0.001081 (0.1%)
  weight_decay: 0.000711 (0.1%)
  gnn_lr: 0.000417 (0.0%)


--- Full Trial History ---
 number  f1_score  params_batch_size  params_dropout  params_edge_embed_dim  params_gnn_lr    params_lr  params_max_length  params_num_epochs  params_warmup_ratio  params_weight_decay    state
      0  0.995054                 32             0.4                     16       0.000064 4.770445e-06                256                  8                0.150               0.0100 COMPLETE
      1  0.988639                 32             0.1                      8       0.000218 3.899551e-07                128                  8                0.000               0.1000 COMPLETE
      2  0.992583                 48             0.4                     16       0.000919 1.811766e-06                512                  7                0.001               0.0100 COMPLETE
      3  0.984704                 64             0.1                     64       0.000262 1.341089e-06                256                  3                0.001               0.1000 COMPLETE
      4  0.981750                 48             0.1                     48       0.000274 1.150446e-07                128                  9                0.200               0.0001 COMPLETE
      5  0.994849                 32             0.3                     32       0.000017 2.881763e-06                512                  9                0.000               0.0001 COMPLETE
      6  0.996905                 16             0.3                     48       0.000054 4.158864e-06                128                 10                0.100               0.0010 COMPLETE
      7  0.995675                 32             0.4                     32       0.000021 7.572931e-06                128                  8                0.200               0.0001 COMPLETE
      8  0.995666                 32             0.1                     64       0.000953 3.279785e-06                512                 10                0.100               0.0001 COMPLETE
      9  0.993416                 32             0.3                      8       0.007228 1.113858e-06                256                  9                0.150               0.0100 COMPLETE
     10  0.982826                 16             0.2                     48       0.000062 3.871457e-07                128                  5                0.100               0.0010 COMPLETE
     11  0.995876                 16             0.3                     32       0.000010 7.644582e-06                128                  6                0.200               0.0010 COMPLETE
     12  0.996289                 16             0.3                     32       0.000011 9.883265e-06                128                  5                0.200               0.0010 COMPLETE
     13  0.996701                 16             0.3                     48       0.000052 9.874388e-06                128                  4                0.100               0.0010 COMPLETE
     14  0.995667                 16             0.3                     48       0.000057 4.149453e-06                128                  3                0.100               0.0010 COMPLETE
     15  0.983457                 16             0.2                     48       0.000038 5.153247e-07                128                  4                0.100               0.0010 COMPLETE
     16  0.991970                 64             0.3                     48       0.000114 2.251580e-06                128                  6                0.100               0.0010 COMPLETE
     17  0.995873                 16             0.3                     48       0.000789 5.486878e-06                128                  4                0.100               0.0010 COMPLETE
     18  0.991559                 16             0.3                     48       0.000146 6.446563e-07                256                 10                0.100               0.0010 COMPLETE
     19  0.995871                 16             0.2                     48       0.000031 5.808559e-06                512                  7                0.100               0.1000 COMPLETE
     20  0.995257                 64             0.3                     16       0.000525 9.877206e-06                128                  5                0.150               0.0010 COMPLETE
     21  0.995878                 16             0.3                     32       0.000015 9.557094e-06                128                  5                0.200               0.0010 COMPLETE
     22  0.996286                 16             0.3                     32       0.000106 6.168122e-06                128                  4                0.200               0.0010 COMPLETE
     23  0.995462                 16             0.3                     64       0.000031 3.627246e-06                128                  5                0.000               0.0010 COMPLETE
     24  0.995470                 48             0.3                      8       0.002734 9.652097e-06                128                  6                0.001               0.0010 COMPLETE
     25  0.993388                 16             0.3                     32       0.000013 2.228607e-06                128                  4                0.200               0.0010 COMPLETE
     26  0.931736                 16             0.3                     48       0.000026 1.583103e-07                128                  3                0.100               0.0010 COMPLETE
     27  0.995673                 16             0.4                     48       0.000047 6.913633e-06                128                  7                0.100               0.0100 COMPLETE
     28  0.995054                 16             0.2                     32       0.000099 4.280308e-06                512                  5                0.200               0.1000 COMPLETE
     29  0.995873                 48             0.4                     16       0.000067 4.282908e-06                256                  6                0.150               0.0100 COMPLETE
=========================================
        FINAL UNSEEN TEST RESULTS        
=========================================
Loss:      0.0497
Accuracy:  0.9952
Precision: 0.9930
Recall:    0.9983
F1-Score:  0.9957
=========================================