=========================================
    COMPREHENSIVE OPTIMISATION REPORT    
=========================================

Total Trials Run: 30
Best Trial: #13
Best Validation F1-Score: 0.997524

--- Optimal Parameters ---
  --max_length: 128
  --dropout: 0.1
  --lr: 9.757180906701432e-06
  --gnn_lr: 1.0125170264607474e-05
  --batch_size: 16
  --num_epochs: 9
  --warmup_ratio: 0.2
  --edge_embed_dim: 8
  --weight_decay: 0.1

--- Hyperparameter Importance ---
(Shows which parameters had the greatest impact on the F1-Score)
  lr: 0.438101 (43.8%)
  warmup_ratio: 0.428091 (42.8%)
  num_epochs: 0.058326 (5.8%)
  edge_embed_dim: 0.022218 (2.2%)
  max_length: 0.020050 (2.0%)
  gnn_lr: 0.011562 (1.2%)
  dropout: 0.009667 (1.0%)
  weight_decay: 0.009623 (1.0%)
  batch_size: 0.002362 (0.2%)


--- Full Trial History ---
 number  f1_score  params_batch_size  params_dropout  params_edge_embed_dim  params_gnn_lr    params_lr  params_max_length  params_num_epochs  params_warmup_ratio  params_weight_decay    state
      0  0.991766                 32             0.4                     32       0.002913 3.593656e-07                256                 10                0.100               0.0100 COMPLETE
      1  0.985118                 48             0.3                     48       0.000604 7.775618e-07                256                  4                0.000               0.0001 COMPLETE
      2  0.984107                 32             0.2                     48       0.003085 2.792887e-07                512                  3                0.000               0.0010 COMPLETE
      3  0.986177                 32             0.2                     64       0.003703 2.692626e-07                512                  4                0.000               0.1000 COMPLETE
      4  0.987190                 32             0.2                     16       0.000581 2.911782e-07                512                  7                0.000               0.0001 COMPLETE
      5  0.995669                 32             0.2                     64       0.000301 3.724220e-06                128                 10                0.001               0.0001 COMPLETE
      6  0.981531                 48             0.3                     32       0.000224 2.545722e-07                512                  7                0.000               0.0001 COMPLETE
      7  0.986562                 48             0.4                     64       0.000050 1.452735e-06                128                  3                0.150               0.0100 COMPLETE
      8  0.992162                 48             0.4                     48       0.004019 1.561775e-06                512                  5                0.100               0.0010 COMPLETE
      9  0.978768                 32             0.3                     32       0.000141 1.584540e-07                128                  8                0.000               0.0010 COMPLETE
     10  0.997112                 16             0.1                      8       0.000012 8.059753e-06                128                 10                0.001               0.1000 COMPLETE
     11  0.997110                 16             0.1                      8       0.000010 8.922891e-06                128                 10                0.001               0.1000 COMPLETE
     12  0.996697                 16             0.1                      8       0.000010 6.873253e-06                128                  9                0.001               0.1000 COMPLETE
     13  0.997524                 16             0.1                      8       0.000010 9.757181e-06                128                  9                0.200               0.1000 COMPLETE
     14  0.995047                 64             0.1                      8       0.000035 3.659891e-06                128                  8                0.200               0.1000 COMPLETE
     15  0.995466                 16             0.1                      8       0.000032 3.690469e-06                128                  9                0.200               0.1000 COMPLETE
     16  0.996287                 16             0.1                      8       0.000077 5.302493e-06                256                  9                0.200               0.1000 COMPLETE
     17  0.994239                 16             0.1                     16       0.000020 2.395537e-06                128                  6                0.150               0.1000 COMPLETE
     18  0.996496                 64             0.1                      8       0.000020 8.633169e-06                128                  8                0.001               0.1000 COMPLETE
     19  0.991766                 16             0.1                      8       0.000088 7.043411e-07                128                  9                0.200               0.0100 COMPLETE
     20  0.996491                 16             0.1                      8       0.009498 5.230031e-06                256                  6                0.200               0.1000 COMPLETE
     21  0.995464                 16             0.1                      8       0.000011 8.981823e-06                128                 10                0.001               0.1000 COMPLETE
     22  0.996491                 16             0.1                      8       0.000015 6.219362e-06                128                 10                0.001               0.1000 COMPLETE
     23  0.996904                 16             0.1                      8       0.000037 8.992983e-06                128                 10                0.001               0.1000 COMPLETE
     24  0.995666                 16             0.1                     16       0.000010 2.460687e-06                128                  9                0.001               0.1000 COMPLETE
     25  0.994646                 64             0.1                      8       0.000022 4.758336e-06                128                  8                0.001               0.1000 COMPLETE
     26  0.995876                 16             0.1                      8       0.000096 2.319387e-06                128                 10                0.150               0.1000 COMPLETE
     27  0.996493                 16             0.4                      8       0.000054 9.640470e-06                128                  9                0.100               0.0100 COMPLETE
     28  0.995880                 16             0.3                      8       0.000018 6.478983e-06                128                  7                0.200               0.0010 COMPLETE
     29  0.991742                 16             0.4                     32       0.000573 5.095946e-07                256                 10                0.100               0.0100 COMPLETE
=========================================
        FINAL UNSEEN TEST RESULTS        
=========================================
Loss:      0.0322
Accuracy:  0.9970
Precision: 0.9950
Recall:    0.9996
F1-Score:  0.9973
=========================================