=========================================
    COMPREHENSIVE OPTIMISATION REPORT    
=========================================

Total Trials Run: 30
Best Trial: #12
Best Validation F1-Score: 0.997111

--- Optimal Parameters ---
  --max_length: 512
  --dropout: 0.2
  --lr: 7.982869607657558e-06
  --gnn_lr: 1.2001329526696092e-05
  --batch_size: 64
  --num_epochs: 8
  --warmup_ratio: 0.0
  --edge_embed_dim: 48
  --weight_decay: 0.01

--- Hyperparameter Importance ---
(Shows which parameters had the greatest impact on the F1-Score)
  lr: 0.635440 (63.5%)
  edge_embed_dim: 0.142077 (14.2%)
  warmup_ratio: 0.105668 (10.6%)
  num_epochs: 0.047674 (4.8%)
  max_length: 0.031737 (3.2%)
  dropout: 0.017678 (1.8%)
  gnn_lr: 0.009541 (1.0%)
  batch_size: 0.006515 (0.7%)
  weight_decay: 0.003670 (0.4%)


--- Full Trial History ---
 number  f1_score  params_batch_size  params_dropout  params_edge_embed_dim  params_gnn_lr    params_lr  params_max_length  params_num_epochs  params_warmup_ratio  params_weight_decay    state
      0  0.992162                 48             0.4                      8       0.000106 2.632872e-06                128                  4                0.150               0.0001 COMPLETE
      1  0.989052                 32             0.3                      8       0.000923 3.353397e-07                128                  7                0.200               0.1000 COMPLETE
      2  0.987802                 48             0.3                     64       0.000303 5.314242e-07                128                  8                0.001               0.0001 COMPLETE
      3  0.991358                 32             0.2                     32       0.000181 3.131840e-06                128                  3                0.100               0.1000 COMPLETE
      4  0.991147                 48             0.1                     32       0.000951 1.601373e-06                256                  4                0.100               0.0010 COMPLETE
      5  0.995253                 48             0.1                     48       0.000018 2.599678e-06                512                 10                0.001               0.1000 COMPLETE
      6  0.995050                 48             0.3                     32       0.001303 7.577528e-06                512                  4                0.001               0.1000 COMPLETE
      7  0.989261                 16             0.4                     16       0.000146 3.061791e-07                512                  9                0.100               0.0010 COMPLETE
      8  0.973728                 64             0.1                      8       0.000036 5.167595e-07                128                  5                0.001               0.0001 COMPLETE
      9  0.995664                 48             0.4                     48       0.000012 6.377225e-06                128                 10                0.100               0.0001 COMPLETE
     10  0.988036                 16             0.4                     48       0.009880 1.203969e-07                256                 10                0.000               0.0100 COMPLETE
     11  0.996700                 48             0.1                     48       0.000010 8.933870e-06                512                 10                0.000               0.0100 COMPLETE
     12  0.997111                 64             0.2                     48       0.000012 7.982870e-06                512                  8                0.000               0.0100 COMPLETE
     13  0.996493                 64             0.2                     48       0.000042 9.879070e-06                512                  8                0.000               0.0100 COMPLETE
     14  0.994222                 64             0.2                     48       0.000037 3.928836e-06                512                  7                0.000               0.0100 COMPLETE
     15  0.991552                 64             0.2                     64       0.000010 1.236309e-06                512                  9                0.000               0.0100 COMPLETE
     16  0.994430                 64             0.1                     16       0.000061 5.264871e-06                512                  6                0.000               0.0100 COMPLETE
     17  0.996080                 32             0.2                     48       0.000022 9.723297e-06                512                  9                0.200               0.0100 COMPLETE
     18  0.995464                 16             0.1                     48       0.009816 1.627040e-06                256                  8                0.150               0.0100 COMPLETE
     19  0.995462                 64             0.2                     48       0.000091 4.886275e-06                512                  6                0.000               0.0100 COMPLETE
     20  0.992590                 48             0.1                     64       0.002406 8.909179e-07                512                  9                0.000               0.0010 COMPLETE
     21  0.995876                 64             0.2                     48       0.000028 8.967612e-06                512                  8                0.000               0.0100 COMPLETE
     22  0.995253                 64             0.2                     48       0.000011 5.834647e-06                512                  8                0.000               0.0100 COMPLETE
     23  0.995464                 64             0.2                     48       0.000055 9.779551e-06                512                  7                0.000               0.0100 COMPLETE
     24  0.994846                 64             0.2                     48       0.000017 4.109838e-06                512                  9                0.000               0.0100 COMPLETE
     25  0.995878                 64             0.2                     16       0.000052 6.795067e-06                256                 10                0.150               0.0100 COMPLETE
     26  0.994222                 32             0.1                     48       0.000016 1.910012e-06                512                  8                0.000               0.0100 COMPLETE
     27  0.996082                 16             0.3                     48       0.000027 3.540978e-06                512                  6                0.200               0.0100 COMPLETE
     28  0.994644                 64             0.2                     48       0.000431 6.718337e-06                512                  7                0.000               0.0010 COMPLETE
     29  0.990519                 48             0.4                      8       0.000098 2.289107e-06                256                  5                0.150               0.0001 COMPLETE
=========================================
        FINAL UNSEEN TEST RESULTS        
=========================================
Loss:      0.0184
Accuracy:  0.9963
Precision: 0.9963
Recall:    0.9971
F1-Score:  0.9967
=========================================